501   11.865316 5.653E-28 6.536E-05           3194.2135               X1Sigma+ 2 0   X1Sigma+ 2 0            1 e            0 e440000                36.0   12.0
501   12.240991 6.054E-25 3.520E-05           1625.0615               X1Sigma+ 1 0   X1Sigma+ 1 0            1 e            0 e440000                36.0   12.0
501   12.591906 5.794E-22 1.287E-05              0.0000               X1Sigma+ 0 0   X1Sigma+ 0 0            1 e            0 e440000                36.0   12.0
501   23.024903 4.209E-30 9.696E-04           4720.3380               X1Sigma+ 3 0   X1Sigma+ 3 0            2 e            1 e440000                60.0   36.0
501   23.746204 4.157E-27 6.291E-04           3206.0789               X1Sigma+ 2 0   X1Sigma+ 2 0            2 e            1 e440000                60.0   36.0
501   24.449263 4.456E-24 3.393E-04           1637.3025               X1Sigma+ 1 0   X1Sigma+ 1 0            2 e            1 e440000                60.0   36.0
501   25.199448 4.259E-21 1.245E-04             12.5919               X1Sigma+ 0 0   X1Sigma+ 0 0            2 e            1 e440000                60.0   36.0
501   35.578582 1.222E-26 2.285E-03           3229.8251               X1Sigma+ 2 0   X1Sigma+ 2 0            3 e            2 e440000                84.0   60.0
501   36.673285 1.306E-23 1.236E-03           1661.7518               X1Sigma+ 1 0   X1Sigma+ 1 0            3 e            2 e440000                84.0   60.0
501   37.756535 1.251E-20 4.559E-04             37.7914               X1Sigma+ 0 0   X1Sigma+ 0 0            3 e            2 e440000                84.0   60.0
501   47.417913 2.386E-26 5.653E-03           3265.4037               X1Sigma+ 2 0   X1Sigma+ 2 0            4 e            3 e440000               108.0   84.0
501   48.838458 2.545E-23 3.066E-03           1698.4250               X1Sigma+ 1 0   X1Sigma+ 1 0            4 e            3 e440000               108.0   84.0
501   50.320432 2.441E-20 1.141E-03             75.5479               X1Sigma+ 0 0   X1Sigma+ 0 0            4 e            3 e440000               108.0   84.0
501   57.447072 3.723E-29 1.744E-02           4823.8917               X1Sigma+ 3 0   X1Sigma+ 3 0            5 e            4 e440000               132.0  108.0
501   59.190029 3.636E-26 1.138E-02           3312.8216               X1Sigma+ 2 0   X1Sigma+ 2 0            5 e            4 e440000               132.0  108.0
501   61.001509 3.862E-23 6.202E-03           1747.2635               X1Sigma+ 1 0   X1Sigma+ 1 0            5 e            4 e440000               132.0  108.0
501   62.816667 3.714E-20 2.330E-03            125.8683               X1Sigma+ 0 0   X1Sigma+ 0 0            5 e            4 e440000               132.0  108.0
501   68.825979 4.780E-29 3.082E-02           4881.3387               X1Sigma+ 3 0   X1Sigma+ 3 0            6 e            5 e440000               156.0  132.0
501   70.953343 4.636E-26 2.017E-02           3372.0116               X1Sigma+ 2 0   X1Sigma+ 2 0            6 e            5 e440000               156.0  132.0
501   73.090042 4.906E-23 1.105E-02           1808.2650               X1Sigma+ 1 0   X1Sigma+ 1 0            6 e            5 e440000               156.0  132.0
501   80.189772 5.344E-29 4.989E-02           4950.1647               X1Sigma+ 3 0   X1Sigma+ 3 0            7 e            6 e440000               180.0  156.0
501   82.634116 5.146E-26 3.276E-02           3442.9649               X1Sigma+ 2 0   X1Sigma+ 2 0            7 e            6 e440000               180.0  156.0
501   85.158807 5.415E-23 1.805E-02           1881.3550               X1Sigma+ 1 0   X1Sigma+ 1 0            7 e            6 e440000               180.0  156.0
501   91.462589 5.326E-29 7.581E-02           5030.3545               X1Sigma+ 3 0   X1Sigma+ 3 0            8 e            7 e440000               204.0  180.0
501   94.287307 5.082E-26 4.998E-02           3525.5991               X1Sigma+ 2 0   X1Sigma+ 2 0            8 e            7 e440000               204.0  180.0
501   97.137064 5.317E-23 2.773E-02           1966.5139               X1Sigma+ 1 0   X1Sigma+ 1 0            8 e            7 e440000               204.0  180.0
501  100.073580 5.151E-20 1.087E-02            351.6890               X1Sigma+ 0 0   X1Sigma+ 0 0            8 e            7 e440000               204.0  180.0
501  102.702490 4.800E-29 1.098E-01           5121.8171               X1Sigma+ 3 0   X1Sigma+ 3 0            9 e            8 e440000               228.0  204.0
501  105.843827 4.535E-26 7.270E-02           3619.8864               X1Sigma+ 2 0   X1Sigma+ 2 0            9 e            8 e440000               228.0  204.0
501  109.076836 4.711E-23 4.064E-02           2063.6509               X1Sigma+ 1 0   X1Sigma+ 1 0            9 e            8 e540000               228.0  204.0
501  112.345374 4.576E-20 1.621E-02            451.7626               X1Sigma+ 0 0   X1Sigma+ 0 0            9 e            8 e440000               228.0  204.0
501  113.837929 3.954E-29 1.532E-01           5224.5196               X1Sigma+ 3 0   X1Sigma+ 3 0           10 e            9 e440000               252.0  228.0
501  117.354462 3.694E-26 1.019E-01           3725.7302               X1Sigma+ 2 0   X1Sigma+ 2 0           10 e            9 e440000               252.0  228.0
501  120.911574 3.807E-23 5.745E-02           2172.7278               X1Sigma+ 1 0   X1Sigma+ 1 0           10 e            9 e440000               252.0  228.0
501  124.569209 3.705E-20 2.334E-02            564.1079               X1Sigma+ 0 0   X1Sigma+ 0 0           10 e            9 e440000               252.0  228.0
501  124.921329 2.998E-29 2.074E-01           5338.3575               X1Sigma+ 3 0   X1Sigma+ 3 0           11 e           10 e440000               276.0  252.0
501  128.753872 2.766E-26 1.387E-01           3843.0846               X1Sigma+ 2 0   X1Sigma+ 2 0           11 e           10 e440000               276.0  252.0
501  132.690844 2.825E-23 7.889E-02           2293.6393               X1Sigma+ 1 0   X1Sigma+ 1 0           11 e           10 e440000               276.0  252.0
501  135.887769 2.106E-29 2.739E-01           5463.2788               X1Sigma+ 3 0   X1Sigma+ 3 0           12 e           11 e440000               300.0  276.0
501  136.677602 2.754E-20 3.270E-02            688.6771               X1Sigma+ 0 0   X1Sigma+ 0 0           11 e           10 e440000               276.0  252.0
501  140.090262 1.916E-26 1.842E-01           3971.8385               X1Sigma+ 2 0   X1Sigma+ 2 0           12 e           11 e440000               300.0  276.0
501  144.348672 1.937E-23 1.058E-01           2426.3302               X1Sigma+ 1 0   X1Sigma+ 1 0           12 e           11 e440000               300.0  276.0
501  146.783678 1.375E-29 3.545E-01           5599.1666               X1Sigma+ 3 0   X1Sigma+ 3 0           13 e           12 e440000               324.0  300.0
501  148.721291 1.889E-20 4.478E-02            825.3547               X1Sigma+ 0 0   X1Sigma+ 0 0           12 e           11 e440000               300.0  276.0
501  151.300239 1.232E-26 2.398E-01           4111.9288               X1Sigma+ 2 0   X1Sigma+ 2 0           13 e           12 e440000               324.0  300.0
501  155.935341 1.232E-23 1.391E-01           2570.6788               X1Sigma+ 1 0   X1Sigma+ 1 0           13 e           12 e540000               324.0  300.0
501  157.547766 8.378E-30 4.508E-01           5745.9503               X1Sigma+ 3 0   X1Sigma+ 3 0           14 e           13 e440000               348.0  324.0
501  160.633761 1.201E-20 6.018E-02            974.0760               X1Sigma+ 0 0   X1Sigma+ 0 0           13 e           12 e440000               324.0  300.0
501  162.433057 7.386E-27 3.070E-01           4263.2290               X1Sigma+ 2 0   X1Sigma+ 2 0           14 e           13 e440000               348.0  324.0
501  167.384708 7.291E-24 1.800E-01           2726.6142               X1Sigma+ 1 0   X1Sigma+ 1 0           14 e           13 e540000               348.0  324.0
501  168.230647 4.778E-30 5.650E-01           5903.4980               X1Sigma+ 3 0   X1Sigma+ 3 0           15 e           14 e440000               372.0  348.0
501  172.465155 7.101E-21 7.960E-02           1134.7098               X1Sigma+ 0 0   X1Sigma+ 0 0           14 e           13 e440000               348.0  324.0
501  173.422435 4.139E-27 3.872E-01           4425.6621               X1Sigma+ 2 0   X1Sigma+ 2 0           15 e           14 e440000               372.0  348.0
501  178.746972 4.029E-24 2.295E-01           2893.9989               X1Sigma+ 1 0   X1Sigma+ 1 0           15 e           14 e440000               372.0  348.0
501  178.763828 2.557E-30 6.990E-01           6071.7287               X1Sigma+ 3 0   X1Sigma+ 3 0           16 e           15 e440000               396.0  372.0
501  184.149579 3.915E-21 1.039E-01           1307.1749               X1Sigma+ 0 0   X1Sigma+ 0 0           15 e           14 e440000               372.0  348.0
501  184.320165 2.173E-27 4.823E-01           4599.0845               X1Sigma+ 2 0   X1Sigma+ 2 0           16 e           15 e440000               396.0  372.0
501  189.200164 1.287E-30 8.551E-01           6250.4925               X1Sigma+ 3 0   X1Sigma+ 3 0           17 e           16 e440000               420.0  396.0
501  189.957653 2.083E-24 2.892E-01           3072.7459               X1Sigma+ 1 0   X1Sigma+ 1 0           16 e           15 e440000               396.0  372.0
501  195.060702 1.071E-27 5.942E-01           4783.4047               X1Sigma+ 2 0   X1Sigma+ 2 0           17 e           16 e540000               420.0  396.0
501  195.737342 2.017E-21 1.339E-01           1491.3245               X1Sigma+ 0 0   X1Sigma+ 0 0           16 e           15 e440000               396.0  372.0
501  201.066142 1.010E-24 3.604E-01           3262.7035               X1Sigma+ 1 0   X1Sigma+ 1 0           17 e           16 e440000               420.0  396.0
501  205.694278 4.967E-28 7.249E-01           4978.4654               X1Sigma+ 2 0   X1Sigma+ 2 0           18 e           17 e440000               444.0  420.0
501  207.162656 9.726E-22 1.708E-01           1687.0619               X1Sigma+ 0 0   X1Sigma+ 0 0           17 e           16 e440000               420.0  396.0
501  212.006780 4.603E-25 4.450E-01           3463.7697               X1Sigma+ 1 0   X1Sigma+ 1 0           18 e           17 e440000               444.0  420.0
501  216.155152 2.171E-28 8.769E-01           5184.1597               X1Sigma+ 2 0   X1Sigma+ 2 0           19 e           18 e440000               468.0  444.0
501  218.477136 4.400E-22 2.159E-01           1894.2245               X1Sigma+ 0 0   X1Sigma+ 0 0           18 e           17 e440000               444.0  420.0
501  222.832221 1.973E-25 5.448E-01           3675.7764               X1Sigma+ 1 0   X1Sigma+ 1 0           19 e           18 e440000               468.0  444.0
501  226.497760 8.954E-29 1.052E+00           5400.3148               X1Sigma+ 2 0   X1Sigma+ 2 0           20 e           19 e440000               492.0  468.0
501  229.613968 1.870E-22 2.705E-01           2112.7017               X1Sigma+ 0 0   X1Sigma+ 0 0           19 e           18 e440000               468.0  444.0
501  233.476910 7.971E-26 6.619E-01           3898.6087               X1Sigma+ 1 0   X1Sigma+ 1 0           20 e           19 e440000               492.0  468.0
501  236.654992 3.491E-29 1.254E+00           5626.8126               X1Sigma+ 2 0   X1Sigma+ 2 0           21 e           20 e440000               516.0  492.0
501  240.625951 7.475E-23 3.363E-01           2342.3156               X1Sigma+ 0 0   X1Sigma+ 0 0           20 e           19 e440000               492.0  468.0
501  243.991062 3.039E-26 7.986E-01           4132.0856               X1Sigma+ 1 0   X1Sigma+ 1 0           21 e           20 e440000               516.0  492.0
501  246.678072 1.288E-29 1.485E+00           5863.4676               X1Sigma+ 2 0   X1Sigma+ 2 0           22 e           21 e440000               540.0  516.0
501  251.445985 2.815E-23 4.152E-01           2582.9416               X1Sigma+ 0 0   X1Sigma+ 0 0           21 e           20 e440000               516.0  492.0
501  254.310930 1.095E-26 9.574E-01           4376.0766               X1Sigma+ 1 0   X1Sigma+ 1 0           22 e           21 e440000               540.0  516.0
501  256.502849 4.506E-30 1.749E+00           6110.1456               X1Sigma+ 2 0   X1Sigma+ 2 0           23 e           22 e440000               564.0  540.0
501  262.128070 1.000E-23 5.091E-01           2834.3876               X1Sigma+ 0 0   X1Sigma+ 0 0           22 e           21 e440000               540.0  516.0
501  264.388070 3.736E-27 1.141E+00           4630.3876               X1Sigma+ 1 0   X1Sigma+ 1 0           23 e           22 e440000               564.0  540.0
501  266.084151 1.496E-30 2.048E+00           6366.6485               X1Sigma+ 2 0   X1Sigma+ 2 0           24 e           23 e440000               588.0  564.0
501  272.604930 3.355E-24 6.205E-01           3096.5156               X1Sigma+ 0 0   X1Sigma+ 0 0           23 e           22 e440000               564.0  540.0
501  274.558930 1.206E-27 1.353E+00           4894.7756               X1Sigma+ 1 0   X1Sigma+ 1 0           24 e           23 e440000               588.0  564.0
501  312.503895 7.846E-30 2.547E+00           6050.7733               X1Sigma+ 1 0   X1Sigma+ 1 0           28 e           27 e440000               684.0  660.0
501  321.510206 1.970E-30 2.953E+00           6363.2772               X1Sigma+ 1 0   X1Sigma+ 1 0           29 e           28 e440000               708.0  684.0
501  322.227206 6.302E-27 1.537E+00           4560.7712               X1Sigma+ 0 0   X1Sigma+ 0 0           28 e           27 e440000               684.0  660.0
501  331.541094 1.538E-27 1.816E+00           4882.9984               X1Sigma+ 0 0   X1Sigma+ 0 0           29 e           28 e440000               708.0  684.0
501  340.639205 3.574E-28 2.136E+00           5214.5395               X1Sigma+ 0 0   X1Sigma+ 0 0           30 e           29 e440000               732.0  708.0
501 1091.113999 5.224E-30 4.118E+01           6262.8627               X1Sigma+ 1 0   X1Sigma+ 0 0           31 e           32 e440000               756.0  780.0
501 1105.703899 1.216E-30 8.455E+01           6684.7874               X1Sigma+ 2 0   X1Sigma+ 1 0           28 e           29 e440000               684.0  708.0
501 1124.240700 5.623E-30 8.774E+01           6363.2772               X1Sigma+ 2 0   X1Sigma+ 1 0           27 e           28 e440000               660.0  684.0
501 1129.608701 1.537E-28 4.442E+01           5555.1787               X1Sigma+ 1 0   X1Sigma+ 0 0           29 e           30 e440000               708.0  732.0
501 1142.581330 2.486E-29 9.100E+01           6050.7733               X1Sigma+ 2 0   X1Sigma+ 1 0           26 e           27 e340000               636.0  660.0
501 1148.737700 7.805E-28 4.609E+01           5214.5395               X1Sigma+ 1 0   X1Sigma+ 0 0           28 e           29 e440000               684.0  708.0
501 1153.055000 1.948E-30 1.385E+02           6632.7326               X1Sigma+ 3 0   X1Sigma+ 2 0           23 e           24 e440000               564.0  588.0
501 1167.774899 3.788E-27 4.780E+01           4882.9984               X1Sigma+ 1 0   X1Sigma+ 0 0           27 e           28 e440000               660.0  684.0
501 1170.436079 6.832E-30 1.434E+02           6366.6485               X1Sigma+ 3 0   X1Sigma+ 2 0           22 e           23 e440000               540.0  564.0
501 1187.773641 2.283E-29 1.484E+02           6110.1456               X1Sigma+ 3 0   X1Sigma+ 2 0           21 e           22 e440000               516.0  540.0
501 1197.313919 1.621E-27 1.012E+02           5169.3346               X1Sigma+ 2 0   X1Sigma+ 1 0           23 e           24 e440000               564.0  588.0
501 1204.963268 7.256E-29 1.535E+02           5863.4676               X1Sigma+ 3 0   X1Sigma+ 2 0           20 e           21 e440000               492.0  516.0
501 1209.519127 1.893E-30 2.051E+02           6639.1674               X1Sigma+ 4 0   X1Sigma+ 3 0           17 e           18 e440000               420.0  444.0
501 1215.370000 5.921E-27 1.047E+02           4894.7756               X1Sigma+ 2 0   X1Sigma+ 1 0           22 e           23 e440000               540.0  564.0
501 1221.414088 2.194E-28 1.586E+02           5626.8126               X1Sigma+ 3 0   X1Sigma+ 2 0           19 e           20 e440000               468.0  492.0
501 1225.572234 4.732E-30 2.117E+02           6439.6927               X1Sigma+ 4 0   X1Sigma+ 3 0           16 e           17 e440000               396.0  420.0
501 1233.079998 2.056E-26 1.083E+02           4630.3876               X1Sigma+ 2 0   X1Sigma+ 1 0           21 e           22 e440000               516.0  540.0
501 1238.852562 6.287E-28 1.639E+02           5400.3148               X1Sigma+ 3 0   X1Sigma+ 2 0           18 e           19 e440000               444.0  468.0
501 1241.431009 1.122E-29 2.184E+02           6250.4925               X1Sigma+ 4 0   X1Sigma+ 3 0           15 e           16 e440000               372.0  396.0
501 1250.735936 6.781E-26 1.119E+02           4376.0766               X1Sigma+ 2 0   X1Sigma+ 1 0           20 e           21 e440000               492.0  516.0
501 1255.533005 1.710E-27 1.692E+02           5184.1597               X1Sigma+ 3 0   X1Sigma+ 2 0           17 e           18 e440000               420.0  444.0
501 1257.088984 2.517E-29 2.253E+02           6071.7287               X1Sigma+ 4 0   X1Sigma+ 3 0           14 e           15 e440000               348.0  372.0
501 1261.267000 4.969E-24 5.689E+01           3369.1206               X1Sigma+ 1 0   X1Sigma+ 0 0           22 e           23 e440000               540.0  564.0
501 1268.229238 2.123E-25 1.156E+02           4132.0856               X1Sigma+ 2 0   X1Sigma+ 1 0           19 e           20 e440000               468.0  492.0
501 1272.027119 4.407E-27 1.747E+02           4978.4654               X1Sigma+ 3 0   X1Sigma+ 2 0           16 e           17 e440000               396.0  420.0
501 1272.535525 5.344E-29 2.323E+02           5903.4980               X1Sigma+ 4 0   X1Sigma+ 3 0           13 e           14 e440000               324.0  348.0
501 1279.561000 1.795E-23 5.882E+01           3096.5156               X1Sigma+ 1 0   X1Sigma+ 0 0           21 e           22 e440000               516.0  540.0
501 1285.550996 6.299E-25 1.195E+02           3898.6087               X1Sigma+ 2 0   X1Sigma+ 1 0           18 e           19 e440000               444.0  468.0
501 1287.756947 1.071E-28 2.396E+02           5745.9503               X1Sigma+ 4 0   X1Sigma+ 3 0           12 e           13 e440000               300.0  324.0
501 1288.323993 1.075E-26 1.802E+02           4783.4047               X1Sigma+ 3 0   X1Sigma+ 2 0           15 e           16 e440000               372.0  396.0
501 1297.698008 6.151E-23 6.079E+01           2834.3876               X1Sigma+ 1 0   X1Sigma+ 0 0           20 e           21 e440000               492.0  516.0
501 1302.688939 1.770E-24 1.233E+02           3675.7764               X1Sigma+ 2 0   X1Sigma+ 1 0           17 e           18 e440000               420.0  444.0
501 1304.413511 2.479E-26 1.859E+02           4599.0845               X1Sigma+ 3 0   X1Sigma+ 2 0           14 e           15 e440000               348.0  372.0
501 1315.667083 1.996E-22 6.280E+01           2582.9416               X1Sigma+ 1 0   X1Sigma+ 0 0           19 e           20 e440000               468.0  492.0
501 1317.504431 3.611E-28 2.546E+02           5463.2788               X1Sigma+ 4 0   X1Sigma+ 3 0           10 e           11 e440000               252.0  276.0
501 1319.635017 4.704E-24 1.273E+02           3463.7697               X1Sigma+ 2 0   X1Sigma+ 1 0           16 e           17 e440000               396.0  420.0
501 1320.288180 5.399E-26 1.917E+02           4425.6621               X1Sigma+ 3 0   X1Sigma+ 2 0           13 e           14 e440000               324.0  348.0
501 1332.008927 6.050E-28 2.625E+02           5338.3575               X1Sigma+ 4 0   X1Sigma+ 3 0            9 e           10 e440000               228.0  252.0
501 1333.460813 6.134E-22 6.486E+01           2342.3156               X1Sigma+ 1 0   X1Sigma+ 0 0           18 e           19 e440000               444.0  468.0
501 1335.937559 1.109E-25 1.977E+02           4263.2290               X1Sigma+ 3 0   X1Sigma+ 2 0           12 e           13 e440000               300.0  324.0
501 1336.380994 1.182E-23 1.313E+02           3262.7035               X1Sigma+ 2 0   X1Sigma+ 1 0           15 e           16 e440000               372.0  396.0
501 1350.264947 2.904E-30 3.514E+02           6337.5207               X1Sigma+ 5 0   X1Sigma+ 4 0            4 e            5 e440000               108.0  132.0
501 1351.068001 1.782E-21 6.696E+01           2112.7017               X1Sigma+ 1 0   X1Sigma+ 0 0           17 e           18 e440000               420.0  444.0
501 1351.350029 2.145E-25 2.038E+02           4111.9288               X1Sigma+ 3 0   X1Sigma+ 2 0           11 e           12 e440000               276.0  300.0
501 1352.916212 2.801E-23 1.355E+02           3072.7459               X1Sigma+ 2 0   X1Sigma+ 1 0           14 e           15 e440000               348.0  372.0
501 1360.235630 1.398E-27 2.796E+02           5121.8171               X1Sigma+ 4 0   X1Sigma+ 3 0            7 e            8 e440000               180.0  204.0
501 1366.518962 3.902E-25 2.102E+02           3971.8385               X1Sigma+ 3 0   X1Sigma+ 2 0           10 e           11 e440000               252.0  276.0
501 1368.478995 4.887E-21 6.910E+01           1894.2245               X1Sigma+ 1 0   X1Sigma+ 0 0           16 e           17 e440000               396.0  420.0
501 1369.230127 6.262E-23 1.397E+02           2893.9989               X1Sigma+ 2 0   X1Sigma+ 1 0           13 e           14 e440000               324.0  348.0
501 1381.434905 6.662E-25 2.168E+02           3843.0846               X1Sigma+ 3 0   X1Sigma+ 2 0            9 e           10 e440000               228.0  252.0
501 1385.314596 1.318E-22 1.441E+02           2726.6142               X1Sigma+ 2 0   X1Sigma+ 1 0           12 e           13 e440000               300.0  324.0
501 1385.683998 1.265E-20 7.130E+01           1687.0619               X1Sigma+ 1 0   X1Sigma+ 0 0           15 e           16 e440000               372.0  396.0
501 1387.356002 2.435E-27 2.998E+02           4950.1647               X1Sigma+ 4 0   X1Sigma+ 3 0            5 e            6 e440000               132.0  156.0
501 1396.086877 1.066E-24 2.237E+02           3725.7302               X1Sigma+ 3 0   X1Sigma+ 2 0            8 e            9 e440000               204.0  228.0
501 1400.480104 2.846E-27 3.124E+02           4881.3387               X1Sigma+ 4 0   X1Sigma+ 3 0            4 e            5 e440000               108.0  132.0
501 1401.159675 2.608E-22 1.486E+02           2570.6788               X1Sigma+ 2 0   X1Sigma+ 1 0           11 e           12 e440000               276.0  300.0
501 1402.674368 3.085E-20 7.355E+01           1491.3245               X1Sigma+ 1 0   X1Sigma+ 0 0           14 e           15 e440000               348.0  372.0
501 1410.468115 1.591E-24 2.310E+02           3619.8864               X1Sigma+ 3 0   X1Sigma+ 2 0            7 e            8 e440000               180.0  204.0
501 1413.300000 3.023E-27 3.286E+02           4823.8917               X1Sigma+ 4 0   X1Sigma+ 3 0            3 e            4 e440000                84.0  108.0
501 1416.754475 4.845E-22 1.532E+02           2426.3302               X1Sigma+ 2 0   X1Sigma+ 1 0           10 e           11 e440000               252.0  276.0
501 1419.439239 7.080E-20 7.586E+01           1307.1749               X1Sigma+ 1 0   X1Sigma+ 0 0           13 e           14 e440000               324.0  348.0
501 1424.565650 2.212E-24 2.390E+02           3525.5991               X1Sigma+ 3 0   X1Sigma+ 2 0            6 e            7 e440000               156.0  180.0
501 1432.090857 8.436E-22 1.581E+02           2293.6393               X1Sigma+ 2 0   X1Sigma+ 1 0            9 e           10 e440000               228.0  252.0
501 1435.969053 1.528E-19 7.824E+01           1134.7098               X1Sigma+ 1 0   X1Sigma+ 0 0           12 e           13 e440000               300.0  324.0
501 1437.995998 2.254E-27 4.000E+02           4743.3629               X1Sigma+ 4 0   X1Sigma+ 3 0            1 e            2 e440000                36.0   60.0
501 1438.373787 2.847E-24 2.480E+02           3442.9649               X1Sigma+ 3 0   X1Sigma+ 2 0            5 e            6 e440000               132.0  156.0
501 1447.158604 1.373E-21 1.631E+02           2172.7278               X1Sigma+ 2 0   X1Sigma+ 1 0            8 e            9 e440000               204.0  228.0
501 1450.594000 3.888E-30 3.333E+02           6237.1917               X1Sigma+ 5 0   X1Sigma+ 4 0            4 e            3 e440000               108.0   84.0
501 1451.880058 3.365E-24 2.585E+02           3372.0116               X1Sigma+ 3 0   X1Sigma+ 2 0            4 e            5 e440000               108.0  132.0
501 1452.254142 3.095E-19 8.069E+01            974.0760               X1Sigma+ 1 0   X1Sigma+ 0 0           11 e           12 e440000               276.0  300.0
501 1461.948133 2.085E-21 1.686E+02           2063.6509               X1Sigma+ 2 0   X1Sigma+ 1 0            7 e            8 e440000               180.0  204.0
501 1468.284589 5.875E-19 8.323E+01            825.3547               X1Sigma+ 1 0   X1Sigma+ 0 0           10 e           11 e440000               252.0  276.0
501 1472.550001 1.349E-27 2.122E+02           4708.8089               X1Sigma+ 4 0   X1Sigma+ 3 0            1 e            0 e440000                36.0   12.0
501 1476.451081 2.940E-21 1.744E+02           1966.5139               X1Sigma+ 2 0   X1Sigma+ 1 0            6 e            7 e440000               156.0  180.0
501 1477.959217 3.422E-24 2.920E+02           3265.4037               X1Sigma+ 3 0   X1Sigma+ 2 0            2 e            3 e440000                60.0   84.0
501 1484.050617 1.043E-18 8.588E+01            688.6771               X1Sigma+ 1 0   X1Sigma+ 0 0            9 e           10 e440000               228.0  252.0
501 1490.512896 2.725E-24 3.315E+02           3229.8251               X1Sigma+ 3 0   X1Sigma+ 2 0            1 e            2 e440000                36.0   60.0
501 1490.656545 3.832E-21 1.811E+02           1881.3550               X1Sigma+ 2 0   X1Sigma+ 1 0            5 e            6 e440000               132.0  156.0
501 1493.828783 3.446E-27 2.828E+02           4743.3629               X1Sigma+ 4 0   X1Sigma+ 3 0            3 e            2 e440000                84.0   60.0
501 1499.542990 1.730E-18 8.867E+01            564.1079               X1Sigma+ 1 0   X1Sigma+ 0 0            8 e            9 e440000               204.0  228.0
501 1501.169006 1.199E-30 3.872E+02           6670.3664               X1Sigma+ 5 0   X1Sigma+ 4 0           10 e            9 e440000               252.0  228.0
501 1502.730000 1.536E-24 5.078E+02           3206.0789               X1Sigma+ 3 0   X1Sigma+ 2 0            0 e            1 e440000                12.0   36.0
501 1504.556558 4.579E-21 1.888E+02           1808.2650               X1Sigma+ 2 0   X1Sigma+ 1 0            4 e            5 e440000               108.0  132.0
501 1513.629053 3.911E-27 3.102E+02           4823.8917               X1Sigma+ 4 0   X1Sigma+ 3 0            5 e            4 e440000               132.0  108.0
501 1514.751300 2.669E-18 9.165E+01            451.7626               X1Sigma+ 1 0   X1Sigma+ 0 0            7 e            8 e440000               180.0  204.0
501 1518.140154 4.954E-21 1.988E+02           1747.2635               X1Sigma+ 2 0   X1Sigma+ 1 0            3 e            4 e440000                84.0  108.0
501 1526.124416 1.643E-24 1.762E+02           3194.2135               X1Sigma+ 3 0   X1Sigma+ 2 0            1 e            0 e440000                36.0   12.0
501 1529.666073 3.820E-18 9.489E+01            351.6890               X1Sigma+ 1 0   X1Sigma+ 0 0            6 e            7 e440000               156.0  180.0
501 1531.400030 4.736E-21 2.135E+02           1698.4250               X1Sigma+ 2 0   X1Sigma+ 1 0            2 e            3 e440000                60.0   84.0
501 1531.887991 2.984E-27 3.284E+02           4950.1647               X1Sigma+ 4 0   X1Sigma+ 3 0            7 e            6 e440000               180.0  156.0
501 1537.284003 3.116E-24 2.156E+02           3206.0789               X1Sigma+ 3 0   X1Sigma+ 2 0            2 e            1 e440000                60.0   36.0
501 1544.327111 3.794E-21 2.426E+02           1661.7518               X1Sigma+ 2 0   X1Sigma+ 1 0            1 e            2 e440000                36.0   60.0
501 1548.549346 1.676E-27 3.427E+02           5121.8171               X1Sigma+ 4 0   X1Sigma+ 3 0            9 e            8 e440000               228.0  204.0
501 1556.263689 1.134E-27 3.490E+02           5224.5196               X1Sigma+ 4 0   X1Sigma+ 3 0           10 e            9 e440000               252.0  228.0
501 1556.911058 2.148E-21 3.718E+02           1637.3025               X1Sigma+ 2 0   X1Sigma+ 1 0            0 e            1 e440000                12.0   36.0
501 1558.488000 4.714E-24 2.484E+02           3265.4037               X1Sigma+ 3 0   X1Sigma+ 2 0            4 e            3 e440000               108.0   84.0
501 1558.578510 6.096E-18 1.028E+02            188.6850               X1Sigma+ 1 0   X1Sigma+ 0 0            4 e            5 e440000               108.0  132.0
501 1568.517159 4.700E-24 2.585E+02           3312.8216               X1Sigma+ 3 0   X1Sigma+ 2 0            5 e            4 e440000               132.0  108.0
501 1570.428394 4.285E-28 3.601E+02           5463.2788               X1Sigma+ 4 0   X1Sigma+ 3 0           12 e           11 e440000               300.0  276.0
501 1572.556719 6.658E-18 1.083E+02            125.8683               X1Sigma+ 1 0   X1Sigma+ 0 0            3 e            4 e540000                84.0  108.0
501 1576.866969 2.404E-28 3.650E+02           5599.1666               X1Sigma+ 4 0   X1Sigma+ 3 0           13 e           12 e440000               324.0  300.0
501 1578.153109 4.249E-24 2.669E+02           3372.0116               X1Sigma+ 3 0   X1Sigma+ 2 0            6 e            5 e440000               156.0  132.0
501 1581.017365 2.305E-21 1.292E+02           1625.0615               X1Sigma+ 2 0   X1Sigma+ 1 0            1 e            0 e440000                36.0   12.0
501 1582.867397 1.271E-28 3.696E+02           5745.9503               X1Sigma+ 4 0   X1Sigma+ 3 0           14 e           13 e440000               348.0  324.0
501 1586.203866 6.415E-18 1.164E+02             75.5479               X1Sigma+ 1 0   X1Sigma+ 0 0            2 e            3 e440000                60.0   84.0
501 1587.389538 3.526E-24 2.742E+02           3442.9649               X1Sigma+ 3 0   X1Sigma+ 2 0            7 e            6 e440000               180.0  156.0
501 1588.425484 6.343E-29 3.737E+02           5903.4980               X1Sigma+ 4 0   X1Sigma+ 3 0           15 e           14 e440000               372.0  348.0
501 1592.522578 4.367E-21 1.582E+02           1637.3025               X1Sigma+ 2 0   X1Sigma+ 1 0            2 e            1 e440000                60.0   36.0
501 1593.536226 2.992E-29 3.775E+02           6071.7287               X1Sigma+ 4 0   X1Sigma+ 3 0           16 e           15 e440000               396.0  372.0
501 1596.218011 2.709E-24 2.808E+02           3525.5991               X1Sigma+ 3 0   X1Sigma+ 2 0            8 e            7 e440000               204.0  180.0
501 1598.194000 1.335E-29 3.809E+02           6250.4925               X1Sigma+ 4 0   X1Sigma+ 3 0           17 e           16 e440000               420.0  396.0
501 1599.511138 5.170E-18 1.323E+02             37.7914               X1Sigma+ 1 0   X1Sigma+ 0 0            1 e            2 e440000                36.0   60.0
501 1602.395000 5.641E-30 3.839E+02           6439.6927               X1Sigma+ 4 0   X1Sigma+ 3 0           18 e           17 e440000               444.0  420.0
501 1603.651897 5.848E-21 1.728E+02           1661.7518               X1Sigma+ 2 0   X1Sigma+ 1 0            3 e            2 e440000                84.0   60.0
501 1604.633194 1.935E-24 2.868E+02           3619.8864               X1Sigma+ 3 0   X1Sigma+ 2 0            9 e            8 e440000               228.0  204.0
501 1606.134000 2.260E-30 3.865E+02           6639.1674               X1Sigma+ 4 0   X1Sigma+ 3 0           19 e           18 e440000               468.0  444.0
501 1612.469595 2.940E-18 2.029E+02             12.5919               X1Sigma+ 1 0   X1Sigma+ 0 0            0 e            1 e440000                12.0   36.0
501 1612.627296 1.290E-24 2.924E+02           3725.7302               X1Sigma+ 3 0   X1Sigma+ 2 0           10 e            9 e440000               252.0  228.0
501 1614.396525 6.561E-21 1.826E+02           1698.4250               X1Sigma+ 2 0   X1Sigma+ 1 0            4 e            3 e440000               108.0   84.0
501 1620.194163 8.055E-25 2.976E+02           3843.0846               X1Sigma+ 3 0   X1Sigma+ 2 0           11 e           10 e440000               276.0  252.0
501 1624.748096 6.503E-21 1.902E+02           1747.2635               X1Sigma+ 2 0   X1Sigma+ 1 0            5 e            4 e440000               132.0  108.0
501 1627.328060 4.717E-25 3.024E+02           3971.8385               X1Sigma+ 3 0   X1Sigma+ 2 0           12 e           11 e440000               300.0  276.0
501 1634.021476 2.596E-25 3.069E+02           4111.9288               X1Sigma+ 3 0   X1Sigma+ 2 0           13 e           12 e440000               324.0  300.0
501 1634.699930 5.833E-21 1.965E+02           1808.2650               X1Sigma+ 2 0   X1Sigma+ 1 0            6 e            5 e440000               156.0  132.0
501 1637.302492 3.164E-18 7.060E+01              0.0000               X1Sigma+ 1 0   X1Sigma+ 0 0            1 e            0 e440000                36.0   12.0
501 1640.269003 1.344E-25 3.111E+02           4263.2290               X1Sigma+ 3 0   X1Sigma+ 2 0           14 e           13 e440000               348.0  324.0
501 1644.244004 4.796E-21 2.021E+02           1881.3550               X1Sigma+ 2 0   X1Sigma+ 1 0            7 e            6 e440000               180.0  156.0
501 1646.066593 6.562E-26 3.151E+02           4425.6621               X1Sigma+ 3 0   X1Sigma+ 2 0           15 e           14 e440000               372.0  348.0
501 1649.159849 5.991E-18 8.649E+01             12.5919               X1Sigma+ 1 0   X1Sigma+ 0 0            2 e            1 e440000                60.0   36.0
501 1651.407986 3.022E-26 3.187E+02           4599.0845               X1Sigma+ 3 0   X1Sigma+ 2 0           16 e           15 e440000               396.0  372.0
501 1653.372504 3.642E-21 2.072E+02           1966.5139               X1Sigma+ 2 0   X1Sigma+ 1 0            8 e            7 e440000               204.0  180.0
501 1656.287985 1.314E-26 3.221E+02           4783.4047               X1Sigma+ 3 0   X1Sigma+ 2 0           17 e           16 e440000               420.0  396.0
501 1660.633686 8.001E-18 9.456E+01             37.7914               X1Sigma+ 1 0   X1Sigma+ 0 0            3 e            2 e440000                84.0   60.0
501 1660.701992 5.405E-27 3.251E+02           4978.4654               X1Sigma+ 3 0   X1Sigma+ 2 0           18 e           17 e540000               444.0  420.0
501 1662.079267 2.569E-21 2.118E+02           2063.6509               X1Sigma+ 2 0   X1Sigma+ 1 0            9 e            8 e440000               228.0  204.0
501 1664.067000 2.105E-27 3.278E+02           5184.1597               X1Sigma+ 3 0   X1Sigma+ 2 0           19 e           18 e440000               468.0  444.0
501 1668.116020 7.759E-28 3.302E+02           5400.3148               X1Sigma+ 3 0   X1Sigma+ 2 0           20 e           19 e440000               492.0  468.0
501 1670.356893 1.688E-21 2.162E+02           2172.7278               X1Sigma+ 2 0   X1Sigma+ 1 0           10 e            9 e440000               252.0  228.0
501 1671.106705 2.714E-28 3.324E+02           5626.8126               X1Sigma+ 3 0   X1Sigma+ 2 0           21 e           20 e440000               516.0  492.0
501 1671.715609 8.935E-18 1.000E+02             75.5479               X1Sigma+ 1 0   X1Sigma+ 0 0            4 e            3 e440000               108.0   84.0
501 1673.617000 9.011E-29 3.341E+02           5863.4676               X1Sigma+ 3 0   X1Sigma+ 2 0           22 e           21 e440000               540.0  516.0
501 1675.642000 2.843E-29 3.356E+02           6110.1456               X1Sigma+ 3 0   X1Sigma+ 2 0           23 e           22 e340000               564.0  540.0
501 1678.199191 1.037E-21 2.203E+02           2293.6393               X1Sigma+ 2 0   X1Sigma+ 1 0           11 e           10 e440000               276.0  252.0
501 1682.396686 8.801E-18 1.042E+02            125.8683               X1Sigma+ 1 0   X1Sigma+ 0 0            5 e            4 e440000               132.0  108.0
501 1685.598609 5.965E-22 2.241E+02           2426.3302               X1Sigma+ 2 0   X1Sigma+ 1 0           12 e           11 e440000               300.0  276.0
501 1692.550176 3.219E-22 2.278E+02           2570.6788               X1Sigma+ 2 0   X1Sigma+ 1 0           13 e           12 e440000               324.0  300.0
501 1692.670061 7.833E-18 1.078E+02            188.6850               X1Sigma+ 1 0   X1Sigma+ 0 0            6 e            5 e440000               156.0  132.0
501 1699.047892 1.632E-22 2.312E+02           2726.6142               X1Sigma+ 2 0   X1Sigma+ 1 0           14 e           13 e440000               348.0  324.0
501 1705.085619 7.787E-23 2.344E+02           2893.9989               X1Sigma+ 2 0   X1Sigma+ 1 0           15 e           14 e440000               372.0  348.0
501 1710.658812 3.499E-23 2.375E+02           3072.7459               X1Sigma+ 2 0   X1Sigma+ 1 0           16 e           15 e440000               396.0  372.0
501 1711.961944 4.789E-18 1.139E+02            351.6890               X1Sigma+ 1 0   X1Sigma+ 0 0            8 e            7 e440000               204.0  180.0
501 1715.761861 1.483E-23 2.403E+02           3262.7035               X1Sigma+ 2 0   X1Sigma+ 1 0           17 e           16 e440000               420.0  396.0
501 1720.389997 5.932E-24 2.429E+02           3463.7697               X1Sigma+ 2 0   X1Sigma+ 1 0           18 e           17 e440000               444.0  420.0
501 1720.965200 3.333E-18 1.166E+02            451.7626               X1Sigma+ 1 0   X1Sigma+ 0 0            9 e            8 e440000               228.0  204.0
501 1724.538369 2.242E-24 2.454E+02           3675.7764               X1Sigma+ 2 0   X1Sigma+ 1 0           19 e           18 e440000               468.0  444.0
501 1728.203908 8.019E-25 2.476E+02           3898.6087               X1Sigma+ 2 0   X1Sigma+ 1 0           20 e           19 e440000               492.0  468.0
501 1729.531400 2.158E-18 1.191E+02            564.1079               X1Sigma+ 1 0   X1Sigma+ 0 0           10 e            9 e440000               252.0  228.0
501 1731.381990 2.716E-25 2.496E+02           4132.0856               X1Sigma+ 2 0   X1Sigma+ 1 0           21 e           20 e440000               516.0  492.0
501 1734.069000 8.715E-26 2.514E+02           4376.0766               X1Sigma+ 2 0   X1Sigma+ 1 0           22 e           21 e440000               540.0  516.0
501 1736.260919 2.654E-26 2.529E+02           4630.3876               X1Sigma+ 2 0   X1Sigma+ 1 0           23 e           22 e440000               564.0  540.0
501 1737.559000 1.607E-30 2.567E+02           6684.7874               X1Sigma+ 2 0   X1Sigma+ 1 0           30 e           29 e340000               732.0  708.0
501 1737.653035 1.304E-18 1.215E+02            688.6771               X1Sigma+ 1 0   X1Sigma+ 0 0           11 e           10 e440000               276.0  252.0
501 1737.957000 7.678E-27 2.542E+02           4894.7756               X1Sigma+ 2 0   X1Sigma+ 1 0           24 e           23 e440000               588.0  564.0
501 1738.893000 7.414E-30 2.570E+02           6363.2772               X1Sigma+ 2 0   X1Sigma+ 1 0           29 e           28 e440000               708.0  684.0
501 1739.153000 2.110E-27 2.553E+02           5169.3346               X1Sigma+ 2 0   X1Sigma+ 1 0           25 e           24 e440000               612.0  588.0
501 1739.718000 3.269E-29 2.570E+02           6050.7733               X1Sigma+ 2 0   X1Sigma+ 1 0           28 e           27 e440000               684.0  660.0
501 1745.324105 7.365E-19 1.238E+02            825.3547               X1Sigma+ 1 0   X1Sigma+ 0 0           12 e           11 e440000               300.0  276.0
501 1752.538155 3.895E-19 1.259E+02            974.0760               X1Sigma+ 1 0   X1Sigma+ 0 0           13 e           12 e440000               324.0  300.0
501 1759.289102 1.933E-19 1.280E+02           1134.7098               X1Sigma+ 1 0   X1Sigma+ 0 0           14 e           13 e440000               348.0  324.0
501 1765.570919 9.008E-20 1.299E+02           1307.1749               X1Sigma+ 1 0   X1Sigma+ 0 0           15 e           14 e440000               372.0  348.0
501 1771.378993 3.947E-20 1.318E+02           1491.3245               X1Sigma+ 1 0   X1Sigma+ 0 0           16 e           15 e440000               396.0  372.0
501 1776.707793 1.629E-20 1.336E+02           1687.0619               X1Sigma+ 1 0   X1Sigma+ 0 0           17 e           16 e440000               420.0  396.0
501 1781.551917 6.333E-21 1.352E+02           1894.2245               X1Sigma+ 1 0   X1Sigma+ 0 0           18 e           17 e440000               444.0  420.0
501 1785.907002 2.324E-21 1.368E+02           2112.7017               X1Sigma+ 1 0   X1Sigma+ 0 0           19 e           18 e440000               468.0  444.0
501 1789.769944 8.051E-22 1.382E+02           2342.3156               X1Sigma+ 1 0   X1Sigma+ 0 0           20 e           19 e440000               492.0  468.0
501 1793.135055 2.637E-22 1.396E+02           2582.9416               X1Sigma+ 1 0   X1Sigma+ 0 0           21 e           20 e440000               516.0  492.0
501 1793.726000 7.301E-30 1.455E+02           6262.8627               X1Sigma+ 1 0   X1Sigma+ 0 0           33 e           32 e440000               804.0  780.0
501 1796.000000 8.175E-23 1.408E+02           2834.3876               X1Sigma+ 1 0   X1Sigma+ 0 0           22 e           21 e440000               540.0  516.0
501 1798.260000 2.401E-23 1.419E+02           3096.5156               X1Sigma+ 1 0   X1Sigma+ 0 0           23 e           22 e440000               564.0  540.0
501 1798.798000 2.135E-28 1.460E+02           5555.1787               X1Sigma+ 1 0   X1Sigma+ 0 0           31 e           30 e440000               756.0  732.0
501 1800.214000 6.684E-24 1.429E+02           3369.1206               X1Sigma+ 1 0   X1Sigma+ 0 0           24 e           23 e440000               588.0  564.0
501 1800.553000 1.081E-27 1.460E+02           5214.5395               X1Sigma+ 1 0   X1Sigma+ 0 0           30 e           29 e440000               732.0  708.0
501 1801.789000 5.224E-27 1.458E+02           4882.9984               X1Sigma+ 1 0   X1Sigma+ 0 0           29 e           28 e440000               708.0  684.0
501 1802.506000 2.410E-26 1.455E+02           4560.7712               X1Sigma+ 1 0   X1Sigma+ 0 0           28 e           27 e440000               684.0  660.0
501 2546.991495 1.028E-30 1.504E+00           5555.1787               X1Sigma+ 2 0   X1Sigma+ 0 0           29 e           30 e440000               708.0  732.0
501 2575.951805 5.252E-30 1.554E+00           5214.5395               X1Sigma+ 2 0   X1Sigma+ 0 0           28 e           29 e440000               684.0  708.0
501 2604.519494 2.567E-29 1.606E+00           4882.9984               X1Sigma+ 2 0   X1Sigma+ 0 0           27 e           28 e440000               660.0  684.0
501 2616.453070 1.999E-29 5.941E+00           5169.3346               X1Sigma+ 3 0   X1Sigma+ 1 0           23 e           24 e440000               564.0  588.0
501 2618.488802 4.363E-30 1.446E+01           5626.8126               X1Sigma+ 4 0   X1Sigma+ 2 0           19 e           20 e440000               468.0  492.0
501 2632.583435 1.200E-28 1.662E+00           4560.7712               X1Sigma+ 2 0   X1Sigma+ 0 0           26 e           27 e340000               636.0  660.0
501 2641.772853 1.268E-29 1.499E+01           5400.3148               X1Sigma+ 4 0   X1Sigma+ 2 0           18 e           19 e440000               444.0  468.0
501 2642.308928 7.388E-29 6.156E+00           4894.7756               X1Sigma+ 3 0   X1Sigma+ 1 0           22 e           23 e440000               540.0  564.0
501 2664.526841 3.498E-29 1.556E+01           5184.1597               X1Sigma+ 4 0   X1Sigma+ 2 0           17 e           18 e440000               420.0  444.0
501 2667.531711 2.597E-28 6.384E+00           4630.3876               X1Sigma+ 3 0   X1Sigma+ 1 0           21 e           22 e440000               516.0  540.0
501 2686.799517 9.153E-29 1.615E+01           4978.4654               X1Sigma+ 4 0   X1Sigma+ 2 0           16 e           17 e440000               396.0  420.0
501 2692.354196 8.684E-28 6.626E+00           4376.0766               X1Sigma+ 3 0   X1Sigma+ 1 0           20 e           21 e440000               492.0  516.0
501 2708.256604 1.174E-29 3.492E+01           5463.2788               X1Sigma+ 5 0   X1Sigma+ 3 0           10 e           11 e440000               252.0  276.0
501 2708.518830 2.269E-28 1.678E+01           4783.4047               X1Sigma+ 4 0   X1Sigma+ 2 0           15 e           16 e440000               372.0  396.0
501 2716.141086 2.760E-27 6.882E+00           4132.0856               X1Sigma+ 3 0   X1Sigma+ 1 0           19 e           20 e440000               468.0  492.0
501 2729.733142 5.322E-28 1.745E+01           4599.0845               X1Sigma+ 4 0   X1Sigma+ 2 0           14 e           15 e440000               348.0  372.0
501 2740.558710 8.316E-27 7.154E+00           3898.6087               X1Sigma+ 3 0   X1Sigma+ 1 0           18 e           19 e440000               444.0  468.0
501 2741.025070 3.564E-26 1.923E+00           3369.1206               X1Sigma+ 2 0   X1Sigma+ 0 0           22 e           23 e440000               540.0  564.0
501 2750.371471 1.180E-27 1.816E+01           4425.6621               X1Sigma+ 4 0   X1Sigma+ 2 0           13 e           14 e440000               324.0  348.0
501 2763.916222 2.376E-26 7.441E+00           3675.7764               X1Sigma+ 3 0   X1Sigma+ 1 0           17 e           18 e440000               420.0  444.0
501 2766.951928 1.307E-25 1.998E+00           3096.5156               X1Sigma+ 2 0   X1Sigma+ 0 0           21 e           22 e440000               516.0  540.0
501 2770.478184 2.469E-27 1.890E+01           4263.2290               X1Sigma+ 4 0   X1Sigma+ 2 0           12 e           13 e440000               300.0  324.0
501 2786.722838 6.429E-26 7.745E+00           3463.7697               X1Sigma+ 3 0   X1Sigma+ 1 0           16 e           17 e440000               396.0  420.0
501 2792.425006 4.551E-25 2.079E+00           2834.3876               X1Sigma+ 2 0   X1Sigma+ 0 0           20 e           21 e440000               492.0  516.0
501 2806.446928 1.048E-28 4.613E+01           4881.3387               X1Sigma+ 5 0   X1Sigma+ 3 0            4 e            5 e440000               108.0  132.0
501 2808.944722 9.039E-27 2.055E+01           3971.8385               X1Sigma+ 4 0   X1Sigma+ 2 0           10 e           11 e440000               252.0  276.0
501 2809.025152 1.645E-25 8.066E+00           3262.7035               X1Sigma+ 3 0   X1Sigma+ 1 0           15 e           16 e440000               372.0  396.0
501 2817.373231 1.503E-24 2.164E+00           2582.9416               X1Sigma+ 2 0   X1Sigma+ 0 0           19 e           20 e440000               468.0  492.0
501 2827.281761 1.576E-26 2.145E+01           3843.0846               X1Sigma+ 4 0   X1Sigma+ 2 0            9 e           10 e440000               228.0  252.0
501 2830.752158 3.977E-25 8.407E+00           3072.7459               X1Sigma+ 3 0   X1Sigma+ 1 0           14 e           15 e440000               348.0  372.0
501 2841.844030 4.703E-24 2.255E+00           2342.3156               X1Sigma+ 2 0   X1Sigma+ 0 0           18 e           19 e440000               444.0  468.0
501 2851.951364 9.070E-25 8.769E+00           2893.9989               X1Sigma+ 3 0   X1Sigma+ 1 0           13 e           14 e440000               324.0  348.0
501 2862.166334 3.932E-26 2.348E+01           3619.8864               X1Sigma+ 4 0   X1Sigma+ 2 0            7 e            8 e440000               180.0  204.0
501 2865.763720 1.392E-23 2.351E+00           2112.7017               X1Sigma+ 2 0   X1Sigma+ 0 0           17 e           18 e440000               420.0  444.0
501 2872.552394 1.949E-24 9.152E+00           2726.6142               X1Sigma+ 3 0   X1Sigma+ 1 0           12 e           13 e440000               300.0  324.0
501 2889.180154 3.898E-23 2.453E+00           1894.2245               X1Sigma+ 2 0   X1Sigma+ 0 0           16 e           17 e440000               396.0  420.0
501 2892.599966 3.942E-24 9.559E+00           2570.6788               X1Sigma+ 3 0   X1Sigma+ 1 0           11 e           12 e440000               276.0  300.0
501 2894.555768 7.364E-26 2.595E+01           3442.9649               X1Sigma+ 4 0   X1Sigma+ 2 0            5 e            6 e440000               132.0  156.0
501 2909.807234 8.912E-26 2.748E+01           3372.0116               X1Sigma+ 4 0   X1Sigma+ 2 0            4 e            5 e440000               108.0  132.0
501 2912.022645 1.030E-22 2.561E+00           1687.0619               X1Sigma+ 2 0   X1Sigma+ 0 0           15 e           16 e440000               372.0  396.0
501 2912.027309 7.488E-24 9.994E+00           2426.3302               X1Sigma+ 3 0   X1Sigma+ 1 0           10 e           11 e440000               252.0  276.0
501 2924.370087 9.784E-26 2.938E+01           3312.8216               X1Sigma+ 4 0   X1Sigma+ 2 0            3 e            4 e440000                84.0  108.0
501 2930.880224 1.334E-23 1.046E+01           2293.6393               X1Sigma+ 3 0   X1Sigma+ 1 0            9 e           10 e440000               228.0  252.0
501 2934.337552 2.568E-22 2.676E+00           1491.3245               X1Sigma+ 2 0   X1Sigma+ 0 0           14 e           15 e440000               348.0  372.0
501 2947.015862 6.075E-29 6.702E+01           5224.5196               X1Sigma+ 5 0   X1Sigma+ 3 0           10 e            9 e440000               252.0  228.0
501 2949.089308 2.223E-23 1.096E+01           2172.7278               X1Sigma+ 3 0   X1Sigma+ 1 0            8 e            9 e440000               204.0  228.0
501 2951.533797 7.767E-26 3.703E+01           3229.8251               X1Sigma+ 4 0   X1Sigma+ 2 0            1 e            2 e440000                36.0   60.0
501 2956.054074 6.028E-22 2.798E+00           1307.1749               X1Sigma+ 2 0   X1Sigma+ 0 0           13 e           14 e440000               324.0  348.0
501 2957.378631 3.907E-30 7.974E+01           5903.4980               X1Sigma+ 5 0   X1Sigma+ 3 0           15 e           14 e440000               372.0  348.0
501 2966.703555 3.457E-23 1.150E+01           2063.6509               X1Sigma+ 3 0   X1Sigma+ 1 0            7 e            8 e440000               180.0  204.0
501 2977.218990 1.331E-21 2.928E+00           1134.7098               X1Sigma+ 2 0   X1Sigma+ 0 0           12 e           13 e440000               300.0  324.0
501 2983.650847 4.997E-23 1.210E+01           1966.5139               X1Sigma+ 3 0   X1Sigma+ 1 0            6 e            7 e440000               156.0  180.0
501 2987.145317 5.057E-26 2.077E+01           3194.2135               X1Sigma+ 4 0   X1Sigma+ 2 0            1 e            0 e440000                36.0   12.0
501 2997.762489 2.762E-21 3.066E+00            974.0760               X1Sigma+ 2 0   X1Sigma+ 0 0           11 e           12 e440000               276.0  300.0
501 2999.983675 6.678E-23 1.277E+01           1881.3550               X1Sigma+ 3 0   X1Sigma+ 1 0            5 e            6 e440000               132.0  156.0
501 3007.366582 1.358E-25 2.880E+01           3229.8251               X1Sigma+ 4 0   X1Sigma+ 2 0            3 e            2 e440000                84.0   60.0
501 3015.626645 8.186E-23 1.355E+01           1808.2650               X1Sigma+ 3 0   X1Sigma+ 1 0            4 e            5 e440000               108.0  132.0
501 3016.415176 1.571E-25 3.100E+01           3265.4037               X1Sigma+ 4 0   X1Sigma+ 2 0            4 e            3 e440000               108.0   84.0
501 3017.729908 5.374E-21 3.214E+00            825.3547               X1Sigma+ 2 0   X1Sigma+ 0 0           10 e           11 e440000               252.0  276.0
501 3024.699140 1.610E-25 3.291E+01           3312.8216               X1Sigma+ 4 0   X1Sigma+ 2 0            5 e            4 e440000               132.0  108.0
501 3037.053048 9.788E-21 3.372E+00            688.6771               X1Sigma+ 2 0   X1Sigma+ 0 0            9 e           10 e440000               228.0  252.0
501 3039.087757 1.276E-25 3.635E+01           3442.9649               X1Sigma+ 4 0   X1Sigma+ 2 0            7 e            6 e440000               180.0  156.0
501 3044.937829 8.920E-23 1.589E+01           1698.4250               X1Sigma+ 3 0   X1Sigma+ 1 0            2 e            3 e440000                60.0   84.0
501 3048.991688 5.042E-30 6.204E+01           5863.4676               X1Sigma+ 4 0   X1Sigma+ 2 0           22 e           21 e440000               540.0  516.0
501 3050.480050 7.402E-26 3.963E+01           3619.8864               X1Sigma+ 4 0   X1Sigma+ 2 0            9 e            8 e440000               228.0  204.0
501 3053.828260 1.473E-29 6.023E+01           5626.8126               X1Sigma+ 4 0   X1Sigma+ 2 0           21 e           20 e440000               516.0  492.0
501 3055.053056 5.077E-26 4.127E+01           3725.7302               X1Sigma+ 4 0   X1Sigma+ 2 0           10 e            9 e440000               252.0  228.0
501 3055.778430 1.665E-20 3.542E+00            564.1079               X1Sigma+ 2 0   X1Sigma+ 0 0            8 e            9 e440000               204.0  228.0
501 3058.586211 7.338E-23 1.839E+01           1661.7518               X1Sigma+ 3 0   X1Sigma+ 1 0            1 e            2 e440000                36.0   60.0
501 3061.141714 1.076E-28 5.666E+01           5184.1597               X1Sigma+ 4 0   X1Sigma+ 2 0           19 e           18 e440000               468.0  444.0
501 3061.868685 1.965E-26 4.457E+01           3971.8385               X1Sigma+ 4 0   X1Sigma+ 2 0           12 e           11 e440000               300.0  276.0
501 3063.622283 2.682E-28 5.488E+01           4978.4654               X1Sigma+ 4 0   X1Sigma+ 2 0           18 e           17 e440000               444.0  420.0
501 3064.104767 1.113E-26 4.625E+01           4111.9288               X1Sigma+ 4 0   X1Sigma+ 2 0           13 e           12 e440000               324.0  300.0
501 3065.281821 6.331E-28 5.312E+01           4783.4047               X1Sigma+ 4 0   X1Sigma+ 2 0           17 e           16 e440000               420.0  396.0
501 3065.588634 5.932E-27 4.794E+01           4263.2290               X1Sigma+ 4 0   X1Sigma+ 2 0           14 e           13 e440000               348.0  324.0
501 3066.180384 1.413E-27 5.138E+01           4599.0845               X1Sigma+ 4 0   X1Sigma+ 2 0           16 e           15 e440000               396.0  372.0
501 3066.261430 2.981E-27 4.965E+01           4425.6621               X1Sigma+ 4 0   X1Sigma+ 2 0           15 e           14 e440000               372.0  348.0
501 3071.506374 4.268E-23 2.874E+01           1637.3025               X1Sigma+ 3 0   X1Sigma+ 1 0            0 e            1 e440000                12.0   36.0
501 3073.836497 2.638E-20 3.727E+00            451.7626               X1Sigma+ 2 0   X1Sigma+ 0 0            7 e            8 e440000               180.0  204.0
501 3091.275961 3.877E-20 3.930E+00            351.6890               X1Sigma+ 2 0   X1Sigma+ 0 0            6 e            7 e440000               156.0  180.0
501 3095.276465 4.837E-23 1.039E+01           1625.0615               X1Sigma+ 3 0   X1Sigma+ 1 0            1 e            0 e440000                36.0   12.0
501 3106.060377 9.422E-23 1.298E+01           1637.3025               X1Sigma+ 3 0   X1Sigma+ 1 0            2 e            1 e440000                60.0   36.0
501 3124.136577 6.534E-20 4.425E+00            188.6850               X1Sigma+ 2 0   X1Sigma+ 0 0            4 e            5 e440000               108.0  132.0
501 3125.466612 1.497E-22 1.561E+01           1698.4250               X1Sigma+ 3 0   X1Sigma+ 1 0            4 e            3 e440000               108.0   84.0
501 3134.075226 1.527E-22 1.661E+01           1747.2635               X1Sigma+ 3 0   X1Sigma+ 1 0            5 e            4 e440000               132.0  108.0
501 3139.535331 7.337E-20 4.754E+00            125.8683               X1Sigma+ 2 0   X1Sigma+ 0 0            3 e            4 e440000                84.0  108.0
501 3141.899696 1.409E-22 1.753E+01           1808.2650               X1Sigma+ 3 0   X1Sigma+ 1 0            6 e            5 e440000               156.0  132.0
501 3148.999426 1.192E-22 1.842E+01           1881.3550               X1Sigma+ 3 0   X1Sigma+ 1 0            7 e            6 e440000               180.0  156.0
501 3154.277181 7.272E-20 5.214E+00             75.5479               X1Sigma+ 2 0   X1Sigma+ 0 0            2 e            3 e440000                60.0   84.0
501 3155.303208 9.320E-23 1.930E+01           1966.5139               X1Sigma+ 3 0   X1Sigma+ 1 0            8 e            7 e440000               204.0  180.0
501 3155.400070 1.061E-27 3.338E+01           4630.3876               X1Sigma+ 3 0   X1Sigma+ 1 0           23 e           22 e440000               564.0  540.0
501 3160.868634 6.767E-23 2.017E+01           2063.6509               X1Sigma+ 3 0   X1Sigma+ 1 0            9 e            8 e440000               228.0  204.0
501 3161.007928 3.379E-27 3.238E+01           4376.0766               X1Sigma+ 3 0   X1Sigma+ 1 0           22 e           21 e440000               540.0  516.0
501 3165.629727 4.579E-23 2.105E+01           2172.7278               X1Sigma+ 3 0   X1Sigma+ 1 0           10 e            9 e440000               252.0  228.0
501 3165.833703 1.021E-26 3.138E+01           4132.0856               X1Sigma+ 3 0   X1Sigma+ 1 0           21 e           20 e440000               516.0  492.0
501 3168.287512 6.030E-20 6.051E+00             37.7914               X1Sigma+ 2 0   X1Sigma+ 0 0            1 e            2 e440000                36.0   60.0
501 3169.639482 2.896E-23 2.193E+01           2293.6393               X1Sigma+ 3 0   X1Sigma+ 1 0           11 e           10 e440000               276.0  252.0
501 3169.822168 2.926E-26 3.039E+01           3898.6087               X1Sigma+ 3 0   X1Sigma+ 1 0           20 e           19 e440000               492.0  468.0
501 3172.450217 7.943E-26 2.941E+01           3675.7764               X1Sigma+ 3 0   X1Sigma+ 1 0           19 e           18 e440000               468.0  444.0
501 3172.836407 1.715E-23 2.283E+01           2426.3302               X1Sigma+ 3 0   X1Sigma+ 1 0           12 e           11 e440000               300.0  276.0
501 3175.271413 9.534E-24 2.373E+01           2570.6788               X1Sigma+ 3 0   X1Sigma+ 1 0           13 e           12 e440000               324.0  300.0
501 3175.397711 2.038E-25 2.843E+01           3463.7697               X1Sigma+ 3 0   X1Sigma+ 1 0           18 e           17 e440000               444.0  420.0
501 3176.883838 4.979E-24 2.465E+01           2726.6142               X1Sigma+ 3 0   X1Sigma+ 1 0           14 e           13 e440000               348.0  324.0
501 3176.989144 4.945E-25 2.747E+01           3262.7035               X1Sigma+ 3 0   X1Sigma+ 1 0           17 e           16 e440000               420.0  396.0
501 3177.729777 2.447E-24 2.558E+01           2893.9989               X1Sigma+ 3 0   X1Sigma+ 1 0           15 e           14 e540000               372.0  348.0
501 3177.746633 1.133E-24 2.652E+01           3072.7459               X1Sigma+ 3 0   X1Sigma+ 1 0           16 e           15 e440000               396.0  372.0
501 3181.621644 3.528E-20 9.477E+00             12.5919               X1Sigma+ 2 0   X1Sigma+ 0 0            0 e            1 e440000                12.0   36.0
501 3195.628795 6.789E-30 1.464E+01           5555.1787               X1Sigma+ 2 0   X1Sigma+ 0 0           31 e           30 e340000               756.0  732.0
501 3206.078866 4.026E-20 3.442E+00              0.0000               X1Sigma+ 2 0   X1Sigma+ 0 0            1 e            0 e440000                36.0   12.0
501 3207.806906 3.329E-29 1.427E+01           5214.5395               X1Sigma+ 2 0   X1Sigma+ 0 0           30 e           29 e340000               732.0  708.0
501 3217.233164 7.848E-20 4.311E+00             12.5919               X1Sigma+ 2 0   X1Sigma+ 0 0            2 e            1 e440000                60.0   36.0
501 3219.171794 1.559E-28 1.389E+01           4882.9984               X1Sigma+ 2 0   X1Sigma+ 0 0           29 e           28 e440000               708.0  684.0
501 3227.612298 1.080E-19 4.818E+00             37.7914               X1Sigma+ 2 0   X1Sigma+ 0 0            3 e            2 e440000                84.0   60.0
501 3229.720105 6.971E-28 1.351E+01           4560.7712               X1Sigma+ 2 0   X1Sigma+ 0 0           28 e           27 e440000               684.0  660.0
501 3237.273676 1.242E-19 5.211E+00             75.5479               X1Sigma+ 2 0   X1Sigma+ 0 0            4 e            3 e440000               108.0   84.0
501 3246.143273 1.260E-19 5.556E+00            125.8683               X1Sigma+ 2 0   X1Sigma+ 0 0            5 e            4 e440000               132.0  108.0
501 3254.279949 1.156E-19 5.880E+00            188.6850               X1Sigma+ 2 0   X1Sigma+ 0 0            6 e            5 e440000               156.0  132.0
501 3263.612070 1.708E-25 1.200E+01           3369.1206               X1Sigma+ 2 0   X1Sigma+ 0 0           24 e           23 e440000               588.0  564.0
501 3268.197384 7.505E-20 6.503E+00            351.6890               X1Sigma+ 2 0   X1Sigma+ 0 0            8 e            7 e440000               204.0  180.0
501 3270.132849 5.946E-25 1.162E+01           3096.5156               X1Sigma+ 2 0   X1Sigma+ 0 0           23 e           22 e440000               564.0  540.0
501 3273.967631 5.384E-20 6.813E+00            451.7626               X1Sigma+ 2 0   X1Sigma+ 0 0            9 e            8 e440000               228.0  204.0
501 3275.758070 1.964E-24 1.125E+01           2834.3876               X1Sigma+ 2 0   X1Sigma+ 0 0           22 e           21 e440000               540.0  516.0
501 3278.976719 3.593E-20 7.125E+00            564.1079               X1Sigma+ 2 0   X1Sigma+ 0 0           10 e            9 e440000               252.0  228.0
501 3280.525983 6.143E-24 1.088E+01           2582.9416               X1Sigma+ 2 0   X1Sigma+ 0 0           21 e           20 e440000               516.0  492.0
501 3283.161382 2.238E-20 7.441E+00            688.6771               X1Sigma+ 2 0   X1Sigma+ 0 0           11 e           10 e440000               276.0  252.0
501 3284.496942 1.819E-23 1.051E+01           2342.3156               X1Sigma+ 2 0   X1Sigma+ 0 0           20 e           19 e440000               492.0  468.0
501 3286.574042 1.303E-20 7.762E+00            825.3547               X1Sigma+ 2 0   X1Sigma+ 0 0           12 e           11 e440000               300.0  276.0
501 3287.613150 5.090E-23 1.015E+01           2112.7017               X1Sigma+ 2 0   X1Sigma+ 0 0           19 e           18 e440000               468.0  444.0
501 3289.152990 7.104E-21 8.087E+00            974.0760               X1Sigma+ 2 0   X1Sigma+ 0 0           13 e           12 e440000               324.0  300.0
501 3289.935134 1.346E-22 9.794E+00           1894.2245               X1Sigma+ 2 0   X1Sigma+ 0 0           18 e           17 e440000               444.0  420.0
501 3290.952286 3.634E-21 8.418E+00           1134.7098               X1Sigma+ 2 0   X1Sigma+ 0 0           14 e           13 e440000               348.0  324.0
501 3291.403512 3.356E-22 9.443E+00           1687.0619               X1Sigma+ 2 0   X1Sigma+ 0 0           17 e           16 e440000               420.0  396.0
501 3291.909566 1.746E-21 8.754E+00           1307.1749               X1Sigma+ 2 0   X1Sigma+ 0 0           15 e           14 e440000               372.0  348.0
501 3292.080152 7.889E-22 9.096E+00           1491.3245               X1Sigma+ 2 0   X1Sigma+ 0 0           16 e           15 e440000               396.0  372.0
501 4077.471977 1.024E-30 1.716E-01           4783.4047               X1Sigma+ 5 0   X1Sigma+ 2 0           15 e           16 e440000               372.0  396.0
501 4113.215800 3.604E-30 2.061E-02           4132.0856               X1Sigma+ 4 0   X1Sigma+ 1 0           19 e           20 e440000               468.0  492.0
501 4143.479001 1.287E-29 2.531E-02           3898.6087               X1Sigma+ 4 0   X1Sigma+ 1 0           18 e           19 e440000               444.0  468.0
501 4167.963998 2.824E-30 3.523E-04           3369.1206               X1Sigma+ 3 0   X1Sigma+ 0 0           22 e           23 e440000               540.0  564.0
501 4172.910058 4.310E-29 3.077E-02           3675.7764               X1Sigma+ 4 0   X1Sigma+ 1 0           17 e           18 e440000               420.0  444.0
501 4199.696895 6.610E-29 3.358E-01           3971.8385               X1Sigma+ 5 0   X1Sigma+ 2 0           10 e           11 e440000               252.0  276.0
501 4201.403641 1.806E-29 6.367E-04           3096.5156               X1Sigma+ 3 0   X1Sigma+ 0 0           21 e           22 e440000               516.0  540.0
501 4201.495236 1.354E-28 3.707E-02           3463.7697               X1Sigma+ 4 0   X1Sigma+ 1 0           16 e           17 e440000               396.0  420.0
501 4229.219989 3.987E-28 4.432E-02           3262.7035               X1Sigma+ 4 0   X1Sigma+ 1 0           15 e           16 e440000               372.0  396.0
501 4234.043266 9.823E-29 1.032E-03           2834.3876               X1Sigma+ 3 0   X1Sigma+ 0 0           20 e           21 e440000               492.0  516.0
501 4256.071789 1.101E-27 5.261E-02           3072.7459               X1Sigma+ 4 0   X1Sigma+ 1 0           14 e           15 e440000               348.0  372.0
501 4265.285079 4.713E-28 1.556E-03           2582.9416               X1Sigma+ 3 0   X1Sigma+ 0 0           19 e           20 e440000               468.0  492.0
501 4282.034655 2.848E-27 6.207E-02           2893.9989               X1Sigma+ 4 0   X1Sigma+ 1 0           13 e           14 e440000               324.0  348.0
501 4296.851744 2.033E-27 2.228E-03           2342.3156               X1Sigma+ 3 0   X1Sigma+ 0 0           18 e           19 e440000               444.0  468.0
501 4307.093019 6.898E-27 7.282E-02           2726.6142               X1Sigma+ 4 0   X1Sigma+ 1 0           12 e           13 e440000               300.0  324.0
501 4315.774058 1.040E-27 7.050E-01           3372.0116               X1Sigma+ 5 0   X1Sigma+ 2 0            4 e            5 e440000               108.0  132.0
501 4326.991003 7.978E-27 3.071E-03           2112.7017               X1Sigma+ 3 0   X1Sigma+ 0 0           17 e           18 e440000               420.0  444.0
501 4354.453069 3.310E-26 9.876E-02           2426.3302               X1Sigma+ 4 0   X1Sigma+ 1 0           10 e           11 e440000               252.0  276.0
501 4356.267975 2.870E-26 4.107E-03           1894.2245               X1Sigma+ 3 0   X1Sigma+ 0 0           16 e           17 e440000               396.0  420.0
501 4376.727080 6.538E-26 1.143E-01           2293.6393               X1Sigma+ 4 0   X1Sigma+ 1 0            9 e           10 e440000               228.0  252.0
501 4384.666803 9.510E-26 5.361E-03           1687.0619               X1Sigma+ 3 0   X1Sigma+ 0 0           15 e           16 e440000               372.0  396.0
501 4412.173498 2.911E-25 6.860E-03           1491.3245               X1Sigma+ 3 0   X1Sigma+ 0 0           14 e           15 e440000               348.0  372.0
501 4418.401774 2.055E-25 1.517E-01           2063.6509               X1Sigma+ 4 0   X1Sigma+ 1 0            7 e            8 e440000               180.0  204.0
501 4422.382000 3.110E-27 1.319E+00           3265.4037               X1Sigma+ 5 0   X1Sigma+ 2 0            4 e            3 e440000               108.0   84.0
501 4423.232219 2.158E-29 3.771E+00           4783.4047               X1Sigma+ 5 0   X1Sigma+ 2 0           17 e           16 e440000               420.0  396.0
501 4435.214577 9.454E-29 3.295E+00           4425.6621               X1Sigma+ 5 0   X1Sigma+ 2 0           15 e           14 e440000               372.0  348.0
501 4438.775311 8.249E-25 8.634E-03           1307.1749               X1Sigma+ 3 0   X1Sigma+ 0 0           13 e           14 e440000               324.0  348.0
501 4445.805229 1.323E-27 2.277E+00           3725.7302               X1Sigma+ 5 0   X1Sigma+ 2 0           10 e            9 e440000               252.0  228.0
501 4456.165656 4.737E-25 1.999E-01           1881.3550               X1Sigma+ 4 0   X1Sigma+ 1 0            5 e            6 e440000               132.0  156.0
501 4464.456788 2.167E-24 1.071E-02           1134.7098               X1Sigma+ 3 0   X1Sigma+ 0 0           12 e           13 e440000               300.0  324.0
501 4473.553821 6.308E-25 2.298E-01           1808.2650               X1Sigma+ 4 0   X1Sigma+ 1 0            4 e            5 e440000               108.0  132.0
501 4489.202780 5.277E-24 1.314E-02            974.0760               X1Sigma+ 3 0   X1Sigma+ 0 0           11 e           12 e440000               276.0  300.0
501 4489.928154 7.581E-25 2.660E-01           1747.2635               X1Sigma+ 4 0   X1Sigma+ 1 0            3 e            4 e440000                84.0  108.0
501 4513.002742 1.192E-23 1.594E-02            825.3547               X1Sigma+ 3 0   X1Sigma+ 0 0           10 e           11 e440000               252.0  276.0
501 4519.607112 7.108E-25 3.890E-01           1661.7518               X1Sigma+ 4 0   X1Sigma+ 1 0            1 e            2 e440000                36.0   60.0
501 4535.842415 2.495E-23 1.917E-02            688.6771               X1Sigma+ 3 0   X1Sigma+ 0 0            9 e           10 e440000               228.0  252.0
501 4536.382616 1.056E-28 2.084E+00           4376.0766               X1Sigma+ 4 0   X1Sigma+ 1 0           22 e           21 e440000               540.0  516.0
501 4548.555258 3.085E-28 1.957E+00           4132.0856               X1Sigma+ 4 0   X1Sigma+ 1 0           21 e           20 e440000               516.0  492.0
501 4556.297366 5.740E-25 2.671E-01           1625.0615               X1Sigma+ 4 0   X1Sigma+ 1 0            1 e            0 e340000                36.0   12.0
501 4557.709134 4.835E-23 2.288E-02            564.1079               X1Sigma+ 3 0   X1Sigma+ 0 0            8 e            9 e440000               204.0  228.0
501 4569.524931 2.236E-27 1.717E+00           3675.7764               X1Sigma+ 4 0   X1Sigma+ 1 0           19 e           18 e440000               468.0  444.0
501 4575.439897 1.742E-24 4.187E-01           1661.7518               X1Sigma+ 4 0   X1Sigma+ 1 0            3 e            2 e440000                84.0   60.0
501 4578.318002 5.532E-27 1.604E+00           3463.7697               X1Sigma+ 4 0   X1Sigma+ 1 0           18 e           17 e440000               444.0  420.0
501 4578.591919 8.656E-23 2.714E-02            451.7626               X1Sigma+ 3 0   X1Sigma+ 0 0            7 e            8 e440000               180.0  204.0
501 4583.393788 2.131E-24 4.778E-01           1698.4250               X1Sigma+ 4 0   X1Sigma+ 1 0            4 e            3 e440000               108.0   84.0
501 4585.982980 1.293E-26 1.496E+00           3262.7035               X1Sigma+ 4 0   X1Sigma+ 1 0           17 e           16 e440000               420.0  396.0
501 4590.257207 2.299E-24 5.363E-01           1747.2635               X1Sigma+ 4 0   X1Sigma+ 1 0            5 e            4 e440000               132.0  108.0
501 4592.519031 2.848E-26 1.393E+00           3072.7459               X1Sigma+ 4 0   X1Sigma+ 1 0           16 e           15 e440000               396.0  372.0
501 4597.924614 5.912E-26 1.294E+00           2893.9989               X1Sigma+ 4 0   X1Sigma+ 1 0           15 e           14 e440000               372.0  348.0
501 4598.475727 1.428E-22 3.203E-02            351.6890               X1Sigma+ 3 0   X1Sigma+ 0 0            6 e            7 e440000               156.0  180.0
501 4600.697645 1.998E-24 6.590E-01           1881.3550               X1Sigma+ 4 0   X1Sigma+ 1 0            7 e            6 e440000               180.0  156.0
501 4602.203469 1.155E-25 1.200E+00           2726.6142               X1Sigma+ 4 0   X1Sigma+ 1 0           14 e           13 e440000               348.0  324.0
501 4605.354704 2.120E-25 1.110E+00           2570.6788               X1Sigma+ 4 0   X1Sigma+ 1 0           13 e           12 e440000               324.0  300.0
501 4606.715490 1.253E-24 7.937E-01           2063.6509               X1Sigma+ 4 0   X1Sigma+ 1 0            9 e            8 e440000               228.0  204.0
501 4607.377032 3.651E-25 1.025E+00           2426.3302               X1Sigma+ 4 0   X1Sigma+ 1 0           12 e           11 e440000               300.0  276.0
501 4608.055487 8.896E-25 8.667E-01           2172.7278               X1Sigma+ 4 0   X1Sigma+ 1 0           10 e            9 e440000               252.0  228.0
501 4635.206664 2.973E-22 4.433E-02            188.6850               X1Sigma+ 3 0   X1Sigma+ 0 0            4 e            5 e440000               108.0  132.0
501 4667.814980 4.002E-22 6.284E-02             75.5479               X1Sigma+ 3 0   X1Sigma+ 0 0            2 e            3 e440000                60.0   84.0
501 4682.546612 3.623E-22 7.942E-02             37.7914               X1Sigma+ 3 0   X1Sigma+ 0 0            1 e            2 e440000                36.0   60.0
501 4689.272000 1.382E-26 5.554E-01           3096.5156               X1Sigma+ 3 0   X1Sigma+ 0 0           23 e           22 e340000               564.0  540.0
501 4696.216960 2.306E-22 1.349E-01             12.5919               X1Sigma+ 3 0   X1Sigma+ 0 0            0 e            1 e440000                12.0   36.0
501 4702.696998 4.404E-26 5.199E-01           2834.3876               X1Sigma+ 3 0   X1Sigma+ 0 0           22 e           21 e440000               540.0  516.0
501 4714.977696 1.328E-25 4.859E-01           2582.9416               X1Sigma+ 3 0   X1Sigma+ 0 0           21 e           20 e440000               516.0  492.0
501 4720.337966 3.075E-22 5.700E-02              0.0000               X1Sigma+ 3 0   X1Sigma+ 0 0            1 e            0 e440000                36.0   12.0
501 4726.115202 3.787E-25 4.532E-01           2342.3156               X1Sigma+ 3 0   X1Sigma+ 0 0           20 e           19 e440000               492.0  468.0
501 4730.770963 6.448E-22 7.658E-02             12.5919               X1Sigma+ 3 0   X1Sigma+ 0 0            2 e            1 e440000                60.0   36.0
501 4735.524998 1.020E-24 4.221E-01           2112.7017               X1Sigma+ 3 0   X1Sigma+ 0 0           19 e           18 e440000               468.0  444.0
501 4744.942848 2.591E-24 3.923E-01           1894.2245               X1Sigma+ 3 0   X1Sigma+ 0 0           18 e           17 e440000               444.0  420.0
501 4748.343763 1.170E-21 1.056E-01             75.5479               X1Sigma+ 3 0   X1Sigma+ 0 0            4 e            3 e440000               108.0   84.0
501 4752.630795 6.204E-24 3.639E-01           1687.0619               X1Sigma+ 3 0   X1Sigma+ 0 0           17 e           16 e440000               420.0  396.0
501 4755.470403 1.266E-21 1.198E-01            125.8683               X1Sigma+ 3 0   X1Sigma+ 0 0            5 e            4 e440000               132.0  108.0
501 4759.167973 1.398E-23 3.369E-01           1491.3245               X1Sigma+ 3 0   X1Sigma+ 0 0           16 e           15 e440000               396.0  372.0
501 4761.479715 1.235E-21 1.345E-01            188.6850               X1Sigma+ 3 0   X1Sigma+ 0 0            6 e            5 e440000               156.0  132.0
501 4764.553724 2.963E-23 3.113E-01           1307.1749               X1Sigma+ 3 0   X1Sigma+ 0 0           15 e           14 e440000               372.0  348.0
501 4768.788232 5.899E-23 2.869E-01           1134.7098               X1Sigma+ 3 0   X1Sigma+ 0 0           14 e           13 e440000               348.0  324.0
501 4770.128088 9.005E-22 1.662E-01            351.6890               X1Sigma+ 3 0   X1Sigma+ 0 0            8 e            7 e440000               204.0  180.0
501 4771.874227 1.101E-22 2.638E-01            974.0760               X1Sigma+ 3 0   X1Sigma+ 0 0           13 e           12 e440000               324.0  300.0
501 4772.756998 6.824E-22 1.835E-01            451.7626               X1Sigma+ 3 0   X1Sigma+ 0 0            9 e            8 e440000               228.0  204.0
501 4773.811840 1.925E-22 2.420E-01            825.3547               X1Sigma+ 3 0   X1Sigma+ 0 0           12 e           11 e440000               300.0  276.0
501 4774.249553 4.803E-22 2.019E-01            564.1079               X1Sigma+ 3 0   X1Sigma+ 0 0           10 e            9 e440000               252.0  228.0
501 4774.601673 3.148E-22 2.214E-01            688.6771               X1Sigma+ 3 0   X1Sigma+ 0 0           11 e           10 e440000               276.0  252.0
501 5530.860456 1.556E-29 1.952E-02           3675.7764               X1Sigma+ 5 0   X1Sigma+ 1 0           17 e           18 e440000               420.0  444.0
501 5543.338686 3.507E-29 7.739E-03           3369.1206               X1Sigma+ 4 0   X1Sigma+ 0 0           22 e           23 e440000               540.0  564.0
501 5584.125196 1.203E-28 7.492E-03           3096.5156               X1Sigma+ 4 0   X1Sigma+ 0 0           21 e           22 e440000               516.0  540.0
501 5598.173136 8.657E-29 1.686E-02           3262.7035               X1Sigma+ 5 0   X1Sigma+ 1 0           15 e           16 e440000               372.0  396.0
501 5662.359793 1.187E-27 6.903E-03           2582.9416               X1Sigma+ 4 0   X1Sigma+ 0 0           19 e           20 e440000               468.0  492.0
501 5699.772035 3.407E-27 6.572E-03           2342.3156               X1Sigma+ 4 0   X1Sigma+ 0 0           18 e           19 e440000               444.0  468.0
501 5735.984839 9.195E-27 6.220E-03           2112.7017               X1Sigma+ 4 0   X1Sigma+ 0 0           17 e           18 e440000               420.0  444.0
501 5745.205242 1.860E-27 9.661E-03           2426.3302               X1Sigma+ 5 0   X1Sigma+ 1 0           10 e           11 e440000               252.0  276.0
501 5771.040373 2.331E-26 5.853E-03           1894.2245               X1Sigma+ 4 0   X1Sigma+ 0 0           16 e           17 e440000               396.0  420.0
501 5804.861640 5.539E-26 5.473E-03           1687.0619               X1Sigma+ 4 0   X1Sigma+ 0 0           15 e           16 e440000               372.0  396.0
501 5837.493129 1.232E-25 5.084E-03           1491.3245               X1Sigma+ 4 0   X1Sigma+ 0 0           14 e           15 e440000               348.0  372.0
501 5861.280196 3.751E-30 1.236E-01           4376.0766               X1Sigma+ 5 0   X1Sigma+ 1 0           22 e           21 e440000               540.0  516.0
501 5868.858602 2.562E-25 4.688E-03           1307.1749               X1Sigma+ 4 0   X1Sigma+ 0 0           13 e           14 e440000               324.0  348.0
501 5879.520645 3.543E-27 2.230E-03           1808.2650               X1Sigma+ 5 0   X1Sigma+ 1 0            4 e            5 e440000               108.0  132.0
501 5898.997413 4.967E-25 4.288E-03           1134.7098               X1Sigma+ 4 0   X1Sigma+ 0 0           12 e           13 e440000               300.0  324.0
501 5943.933378 3.405E-28 6.621E-02           3262.7035               X1Sigma+ 5 0   X1Sigma+ 1 0           17 e           16 e440000               420.0  396.0
501 5955.428502 1.498E-24 3.488E-03            825.3547               X1Sigma+ 4 0   X1Sigma+ 0 0           10 e           11 e440000               252.0  276.0
501 5966.877761 1.335E-27 4.920E-02           2893.9989               X1Sigma+ 5 0   X1Sigma+ 1 0           15 e           14 e440000               372.0  348.0
501 5981.689271 2.314E-24 3.092E-03            688.6771               X1Sigma+ 4 0   X1Sigma+ 0 0            9 e           10 e440000               228.0  252.0
501 5989.360612 7.699E-27 2.948E-03           1698.4250               X1Sigma+ 5 0   X1Sigma+ 1 0            4 e            3 e440000               108.0   84.0
501 5998.807660 1.183E-26 1.953E-02           2172.7278               X1Sigma+ 5 0   X1Sigma+ 1 0           10 e            9 e440000               252.0  228.0
501 6030.290138 4.281E-24 2.328E-03            451.7626               X1Sigma+ 4 0   X1Sigma+ 0 0            7 e            8 e440000               180.0  204.0
501 6078.071686 1.150E-27 2.267E-02           2834.3876               X1Sigma+ 4 0   X1Sigma+ 0 0           22 e           21 e440000               540.0  516.0
501 6093.133840 5.054E-24 1.302E-03            188.6850               X1Sigma+ 4 0   X1Sigma+ 0 0            4 e            5 e440000               108.0  132.0
501 6097.699251 3.260E-27 1.995E-02           2582.9416               X1Sigma+ 4 0   X1Sigma+ 0 0           21 e           20 e440000               516.0  492.0
501 6111.323331 4.111E-24 1.009E-03            125.8683               X1Sigma+ 4 0   X1Sigma+ 0 0            3 e            4 e440000                84.0  108.0
501 6132.599712 2.189E-26 1.519E-02           2112.7017               X1Sigma+ 4 0   X1Sigma+ 0 0           19 e           18 e440000               468.0  444.0
501 6143.567513 1.435E-24 5.415E-04             37.7914               X1Sigma+ 4 0   X1Sigma+ 0 0            1 e            2 e440000                36.0   60.0
501 6147.863139 5.162E-26 1.312E-02           1894.2245               X1Sigma+ 4 0   X1Sigma+ 0 0           18 e           17 e440000               444.0  420.0
501 6161.624631 1.140E-25 1.124E-02           1687.0619               X1Sigma+ 4 0   X1Sigma+ 0 0           17 e           16 e440000               420.0  396.0
501 6173.940371 2.355E-25 9.550E-03           1491.3245               X1Sigma+ 4 0   X1Sigma+ 0 0           16 e           15 e440000               396.0  372.0
501 6181.358867 4.109E-26 1.306E-05              0.0000               X1Sigma+ 4 0   X1Sigma+ 0 0            1 e            0 e440000                36.0   12.0
501 6184.748561 4.535E-25 8.026E-03           1307.1749               X1Sigma+ 4 0   X1Sigma+ 0 0           15 e           14 e440000               372.0  348.0
501 6194.107863 8.121E-25 6.664E-03           1134.7098               X1Sigma+ 4 0   X1Sigma+ 0 0           14 e           13 e440000               348.0  324.0
501 6199.400298 2.547E-25 4.193E-05             37.7914               X1Sigma+ 4 0   X1Sigma+ 0 0            3 e            2 e440000                84.0   60.0
501 6201.957518 1.348E-24 5.454E-03            974.0760               X1Sigma+ 4 0   X1Sigma+ 0 0           13 e           12 e440000               324.0  300.0
501 6206.270939 9.723E-25 1.499E-04             75.5479               X1Sigma+ 4 0   X1Sigma+ 0 0            4 e            3 e440000               108.0   84.0
501 6208.352465 2.065E-24 4.389E-03            825.3547               X1Sigma+ 4 0   X1Sigma+ 0 0           12 e           11 e440000               300.0  276.0
501 6211.652384 2.070E-24 3.341E-04            125.8683               X1Sigma+ 4 0   X1Sigma+ 0 0            5 e            4 e440000               132.0  108.0
501 6216.675313 3.735E-24 2.662E-03            564.1079               X1Sigma+ 4 0   X1Sigma+ 0 0           10 e            9 e440000               252.0  228.0
501 6218.603854 4.345E-24 1.984E-03            451.7626               X1Sigma+ 4 0   X1Sigma+ 0 0            9 e            8 e440000               228.0  204.0
501 6868.236266 1.256E-29 4.253E-03           3369.1206               X1Sigma+ 5 0   X1Sigma+ 0 0           22 e           23 e440000               540.0  564.0
501 7093.935237 3.064E-27 3.170E-03           2112.7017               X1Sigma+ 5 0   X1Sigma+ 0 0           17 e           18 e440000               420.0  444.0
501 7173.814787 1.912E-26 2.886E-03           1687.0619               X1Sigma+ 5 0   X1Sigma+ 0 0           15 e           16 e440000               372.0  396.0
501 7346.180675 6.591E-25 2.336E-03            825.3547               X1Sigma+ 5 0   X1Sigma+ 0 0           10 e           11 e440000               252.0  276.0
501 7402.969266 1.159E-29 3.390E-04           2834.3876               X1Sigma+ 5 0   X1Sigma+ 0 0           22 e           21 e440000               540.0  516.0
501 7499.100664 4.560E-24 1.779E-03            188.6850               X1Sigma+ 5 0   X1Sigma+ 0 0            4 e            5 e440000               108.0  132.0
501 7519.575029 3.360E-28 4.935E-05           1687.0619               X1Sigma+ 5 0   X1Sigma+ 0 0           17 e           16 e440000               420.0  396.0
501 7553.701708 1.462E-28 3.861E-06           1307.1749               X1Sigma+ 5 0   X1Sigma+ 0 0           15 e           14 e440000               372.0  348.0
501 7607.427486 1.060E-25 1.131E-04            564.1079               X1Sigma+ 5 0   X1Sigma+ 0 0           10 e            9 e440000               252.0  228.0
501 7612.237763 2.341E-24 5.432E-04             75.5479               X1Sigma+ 5 0   X1Sigma+ 0 0            4 e            3 e440000               108.0   84.0
