521   10.246790 2.067E-21 3.553E-04             62.3662             0 0 0 0 0 0A2" 0 0 0 0 0 0A1'     1 E'  1 E"     2 E"  1 E"340000                 6.0   10.0
521   12.957580 4.372E-21 5.342E-04            116.8069             0 0 0 0 0 0A1' 0 0 0 0 0 0A2"     3 E"  1 E"     2 E'  1 E"340000                14.0   10.0
521   13.218230 1.001E-20 6.391E-04            121.6192             0 0 0 0 0 0A1' 0 0 0 0 0 0A2"     3A2'  0A2'     2A2"  0A1'940000                28.0   20.0
521   32.846350 3.216E-20 2.311E-02             22.4810             0 0 0 0 0 0A2" 0 0 0 0 0 0A1'     0A2"  0A1'     1A2'  0A2'940000                 4.0   12.0
521   36.442650 3.385E-20 1.320E-02            183.0369             0 0 0 0 0 0A1' 0 0 0 0 0 0A2"     4 E"  1 E"     3 E'  1 E"340000                18.0   14.0
521   47.772117 1.218E-21 1.746E-03            465.3282             0 0 0 0 0 0A2" 0 0 0 0 0 0A1'     6 E'  1 E"     6 E"  1 E"340000                26.0   26.0
521   51.750910 6.682E-21 4.578E-03            219.4796             0 0 0 0 0 0A2" 0 0 0 0 0 0A1'     4 E'  1 E"     4 E"  1 E"340000                18.0   18.0
521   53.272430 1.405E-20 8.267E-03            129.7645             0 0 0 0 0 0A2" 0 0 0 0 0 0A1'     3 E'  1 E"     3 E"  1 E"340000                14.0   14.0
521   54.440700 2.885E-20 1.755E-02             62.3662             0 0 0 0 0 0A2" 0 0 0 0 0 0A1'     2 E'  1 E"     2 E"  1 E"340000                10.0   10.0
521   55.232660 6.616E-20 5.480E-02             17.3803             0 0 0 0 0 0A2" 0 0 0 0 0 0A1'     1 E'  1 E"     1 E"  1 E"340000                 6.0    6.0
521   99.138150 5.032E-19 2.542E-01             22.4810             0 0 0 0 0 0A2" 0 0 0 0 0 0A1'     2A2"  0A1'     1A2'  0A2'940000                20.0   12.0
521   99.426570 1.942E-19 1.921E-01             17.3803             0 0 0 0 0 0A2" 0 0 0 0 0 0A1'     2 E'  1 E"     1 E"  1 E"340000                10.0    6.0
521  120.670710 3.918E-19 4.383E-01             62.3662             0 0 0 0 0 0A2" 0 0 0 0 0 0A1'     3 E'  1 E"     2 E"  1 E"340000                14.0   10.0
521  141.179210 1.091E-18 8.260E-01            134.8374             0 0 0 0 0 0A2" 0 0 0 0 0 0A1'     4A2"  0A1'     3A2'  0A2'440000                36.0   28.0
521  141.465990 5.254E-19 7.781E-01            129.7645             0 0 0 0 0 0A2" 0 0 0 0 0 0A1'     4 E'  1 E"     3 E"  1 E"340000                18.0   14.0
521 1033.284400 6.813E-19 1.381E+01            134.8374             0 1 0 0 0 0A2" 0 0 0 0 0 0A1'     4A2"  0A1'     3A2'  0A2'440000                36.0   28.0
521 3461.267380 7.498E-19 3.049E+02            134.8374             0 0 0 0 2 2 E' 0 0 0 0 0 0A1'     2A2"  1 E"     3A2'  0A2'440000                20.0   28.0
521 3527.819200 2.514E-18 7.585E+02            134.8374             0 0 0 0 2 2 E' 0 0 0 0 0 0A1'     3A2"  1 E"     3A2'  0A2'440000                28.0   28.0
521 3573.623760 1.823E-18 4.576E+02             22.4810             0 0 0 0 2 2 E' 0 0 0 0 0 0A1'     2A2"  1 E"     1A2'  0A2'440000                20.0   12.0
